0:0,0,0,1,1,1,2000;
1:1,1,0,1,0,1,2000;
2:1,1,0,1,1,2,2000;
3:1,2,1,2,1,2,2,2,2000;
4:1,2,2,1,2,2,3,2,2000;
5:2,2,2,3,3,1,0,1,2,2,2000;
6:0,1,3,2,2,3,3,2,3,2,2000;
7:1,1,2,2,2,3,3,3,3,2,2,2,2,2000;
8:2,2,2,3,3,2,3,3,2,2,2,3,3,2000;
9:3,3,2,2,2,3,3,3,2,2,2,3,3,2,2,3,2,3,3,2,2,2,2000;
10:2,3,2,2,3,3,4,4,2,3,2,3,2000;
11:4,3,2,2,3,2,3,4,3,3,4,4,2000;
12:2,3,4,3,4,2,2,1,2,2,4,4,2000;
13:3,2,2,4,3,2,4,3,4,4,3,4,2000;
14:3,3,3,3,2,2,2,2,4,4,4,4,4,3,3,2000;
15:5,4,3,3,3,5,3,3,5,3,4,4,4,3,5,2000;
16:4,4,4,5,5,5,3,3,3,4,4,3,3,3,4,2000;
17:4,4,5,5,5,3,3,3,4,4,5,5,5,4,3,2000;
18:4,5,4,5,5,4,5,5,5,5,4,4,5,5,4,4,5,4,5,5,2000;
19:4,4,4,5,5,5,5,4,4,4,5,5,5,5,5,6,6,6,4,4,4,4,6,6,6,5,5,5,6,6,6,4,4,4,2000;
20:5,5,5,5,6,6,6,6,5,5,5,6,6,6,5,5,5,6,6,6,2500;
21:5,5,5,6,6,6,5,5,6,6,6,5,5,6,6,6,5,6,6,6,2500;
22:5,5,5,6,6,6,5,5,5,5,6,6,6,6,5,5,6,6,6,6,2500;
23:5,5,5,5,6,6,6,6,5,5,5,5,6,6,6,6,5,5,6,6,2500;
24:5,5,5,5,6,6,6,6,7,7,7,7,5,5,6,6,6,6,5,5,7,7,2500;
25:6,6,6,4,4,7,7,6,6,6,4,7,7,6,6,6,7,7,6,6,4,6,7,7,2500;
26:6,6,6,7,4,7,6,6,7,4,6,7,4,7,6,6,6,7,7,6,4,6,7,7,2500;
27:6,6,7,7,6,7,4,7,4,7,4,7,6,6,7,4,4,7,6,6,7,7,4,7,2500;
28:7,7,7,6,6,4,7,4,4,7,7,6,6,7,7,4,4,7,6,6,7,7,7,6,6,4,4,7,7,2000;
29:6,7,4,4,4,6,7,7,6,4,4,7,7,7,6,7,7,4,4,4,7,7,6,7,7,4,4,4,7,7,7,6,7,7,7,4,4,4,7,7,7,6,4,4,4,7,7,7,2200;